6 0.730469 0.313477 0.179688 0.314453
6 0.858398 0.831055 0.279297 0.330078
10 0.281250 0.884766 0.078125 0.074219
9 0.938477 0.537109 0.083984 0.089844
0 0.095703 0.412109 0.101562 0.179688
0 0.104492 0.489258 0.158203 0.337891
2 0.133789 0.824219 0.232422 0.328125
7 0.941406 0.288086 0.113281 0.306641
11 0.551758 0.723633 0.130859 0.099609
11 0.499023 0.498047 0.998047 0.992188
11 0.627930 0.675781 0.115234 0.089844
4 0.174805 0.301758 0.142578 0.337891
5 0.875977 0.317383 0.060547 0.056641
12 0.354492 0.514648 0.091797 0.111328
1 0.173828 0.300781 0.140625 0.339844
